like1,parKperc,parKb,parKe,parCqq,parBias,chain
0.5063,0.121,0.0439,0.5015,0.557,-0.4512,0.0
0.3047,0.11163,0.392,0.502,0.1453,-0.3354,0.0
0.2656,0.503,0.8433,0.262,0.6187,0.414,0.0
0.2705,0.2018,0.2305,0.659,0.2312,-0.3179,0.0
0.3486,0.7676,0.65,0.795,0.634,0.2267,0.0
0.3726,0.6475,0.832,0.4387,0.393,0.03946,0.0
0.2998,0.9795,0.52,0.9683,0.96,-0.2338,0.0
0.2388,0.4556,0.938,0.4639,0.2844,0.1863,0.0
0.451,0.4368,0.04535,0.5557,0.6934,0.1903,0.0
0.289,0.744,0.5513,0.6255,0.747,0.11285,0.0
0.1543,0.2634,0.9683,0.4011,0.6377,0.3792,0.0
0.1896,0.8076,0.3447,0.705,0.583,0.43,0.0
0.3052,0.3633,0.11743,0.6426,0.2717,0.4421,0.0
0.2537,0.1515,0.638,0.926,0.1957,-0.4927,0.0
0.306,0.4065,0.11725,0.398,0.5737,0.00921,0.0
0.704,0.924,0.958,0.9517,0.623,-0.3237,0.0
0.4844,0.462,0.03714,0.954,0.4246,-0.3723,0.0
0.2411,0.6445,0.1729,0.4243,0.411,-0.04446,0.0
0.4668,0.9956,0.6953,0.3704,0.4043,-0.03387,0.0
0.2566,0.5044,0.634,0.3892,0.964,-0.04044,0.0
0.2494,0.497,0.249,0.2542,0.4329,-0.1387,0.0
0.2432,0.491,0.4885,0.648,0.1786,-0.06915,0.0
0.2559,0.4854,0.218,0.879,0.11914,0.1032,0.0
0.336,0.7656,0.6123,0.3232,0.842,-0.2004,0.0
0.2292,0.9814,0.4465,0.5864,0.1976,0.3914,0.0
0.297,0.3718,0.1287,0.5596,0.8804,0.3108,0.0
0.2712,0.6855,0.121,0.696,0.519,0.439,0.0
0.2379,0.565,0.2335,0.6846,0.11816,-0.2905,0.0
0.3687,0.2556,0.0722,0.6206,0.3286,-0.148,0.0
0.2703,0.2612,0.2256,0.996,0.479,-0.10034,0.0
0.2673,0.2467,0.3694,0.616,0.7188,0.3901,0.0
0.27,0.353,0.2256,0.919,0.3853,0.3672,0.0
0.3135,0.9233,0.0747,0.8774,0.502,-0.0731,0.0
0.2754,0.5054,0.89,0.8105,0.5293,0.05838,0.0
0.4421,0.793,0.0408,0.805,0.405,-0.387,0.0
0.4072,0.826,0.7017,0.3398,0.458,0.0861,0.0
0.2834,0.10034,0.523,0.2472,0.2976,0.3608,0.0
0.2646,0.1271,0.6885,0.6553,0.5728,-0.4766,0.0
0.2076,0.696,0.248,0.3835,0.696,-0.3657,0.0
0.2463,0.6045,0.1783,0.3855,0.6353,0.05624,0.0
0.2374,0.3628,0.5054,0.654,0.821,0.4343,0.0
0.2402,0.4226,0.502,0.5625,0.776,-0.0851,0.0
0.2966,0.4094,0.1283,0.8555,0.707,0.205,0.0
0.1559,0.262,0.9697,0.7544,0.46,-0.3857,0.0
0.221,0.8984,0.4226,0.6577,0.3972,-0.15,0.0
0.2717,0.2336,0.1847,0.9854,0.574,-0.3955,0.0
0.1759,0.844,0.256,0.5776,0.9473,0.1395,0.0
0.2422,0.452,0.5986,0.8867,0.9336,-0.3245,0.0
0.5693,0.864,0.9355,0.4746,0.1252,0.3157,0.0
0.3577,0.6377,0.07117,0.4172,0.2444,0.00746,0.0
0.502,0.8633,0.7734,0.2421,0.3594,-0.3875,0.0
0.1921,0.3738,0.9307,0.4404,0.1444,-0.2637,0.0
0.2339,0.444,0.937,0.3835,0.4094,-0.0783,0.0
0.156,0.2776,0.969,0.4937,0.3794,-0.09106,0.0
0.274,0.3699,0.1959,0.2651,0.8057,0.10187,0.0
0.3042,0.5796,0.7314,0.9814,0.9053,-0.0345,0.0
0.1294,0.04276,0.0848,0.664,0.3384,-0.0776,0.0
0.677,0.997,0.951,0.5557,0.3035,0.4927,0.0
0.2177,0.7104,0.3816,0.574,0.5967,-0.4666,0.0
0.3665,0.7114,0.7134,0.8193,0.2913,-0.0244,0.0
0.2297,0.1511,0.774,0.3027,0.743,0.2499,0.0
0.1931,0.798,0.2133,0.505,0.368,0.4397,0.0
0.2827,0.3254,0.1539,0.978,0.824,-0.41,0.0
0.503,0.45,0.01076,0.8975,0.3184,-0.3804,0.0
0.2463,0.4124,0.422,0.766,0.8994,-0.1266,0.0
0.11237,0.03195,0.2393,0.3135,0.363,-0.2776,0.0
0.2053,0.8003,0.3804,0.3088,0.6455,-0.02867,0.0
0.7256,0.9087,0.9946,0.7954,0.942,-0.4263,0.0
0.653,0.96,0.8823,0.46,0.4402,-0.2119,0.0
0.1882,0.3223,0.796,0.2673,0.3152,0.1656,0.0
0.2737,0.5337,0.1478,0.4033,0.2267,-0.2465,0.0
0.4543,0.1438,0.0552,0.7417,0.351,-0.03973,0.0
0.09326,0.03528,0.1761,0.6724,0.4285,-0.2255,0.0
0.1974,0.9194,0.1602,0.8438,0.9004,0.1827,0.0
0.273,0.2089,0.328,0.47,0.886,0.4463,0.0
0.5903,0.8936,0.894,0.811,0.506,-0.02864,0.0
0.2432,0.9663,0.459,0.9834,0.7827,0.013176,0.0
0.1681,0.8896,0.2476,0.958,0.67,0.1498,0.0
0.1937,0.0699,0.3545,0.979,0.4019,0.4785,0.0
0.09436,0.03067,0.1681,0.598,0.479,0.3687,0.0
0.2488,0.4722,0.953,0.5586,0.6226,0.353,0.0
0.252,0.4114,0.3499,0.745,0.539,0.4617,0.0
0.257,0.1843,0.5347,0.338,0.1896,0.0016165,0.0
0.1862,0.2637,0.788,0.5415,0.507,0.03177,0.0
0.1927,0.258,0.7544,0.848,0.3228,0.12054,0.0
0.1857,0.278,0.7856,0.686,0.8164,0.1597,0.0
0.1956,0.7656,0.338,0.429,0.8086,0.2194,0.0
0.2192,0.4143,0.795,0.872,0.9277,0.03204,0.0
0.3853,0.834,0.0539,0.516,0.3213,-0.3352,0.0
0.2585,0.656,0.1406,0.6675,0.255,-0.255,0.0
0.4062,0.898,0.654,0.5854,0.1337,-0.2478,0.0
0.3699,0.7827,0.6753,0.6357,0.157,0.2056,0.0
0.26,0.502,0.1893,0.945,0.263,0.2406,0.0
0.2725,0.3838,0.1993,0.383,0.792,-0.3254,0.0
0.4717,0.8447,0.769,0.344,0.8604,-0.1083,0.0
0.2795,0.535,0.6997,0.714,0.3992,-0.265,0.0
0.177,0.2183,0.8765,0.9204,0.9014,-0.3,0.0
0.3079,0.0857,0.0919,0.428,0.1962,0.01275,0.0
0.244,0.535,0.4983,0.4556,0.8403,0.3213,0.0
0.1659,0.9043,0.2576,0.769,0.84,-0.2686,0.0
0.171,0.2878,0.8735,0.864,0.526,-0.06006,0.0
0.258,0.795,0.1169,0.9355,0.3533,-0.498,0.0
0.2715,0.236,0.1976,0.2598,0.7046,0.3857,0.0
0.2123,0.179,0.7764,0.2786,0.3455,-0.3699,0.0
0.4805,0.1191,0.04608,0.7817,0.9814,-0.201,0.0
0.2435,0.3323,0.4854,0.626,0.1321,-0.339,0.0
0.2223,0.923,0.4285,0.4402,0.2932,0.01654,0.0
0.2045,0.716,0.34,0.68,0.2888,-0.0377,0.0
0.276,0.5293,0.1453,0.4563,0.5103,0.499,0.0
0.2244,0.6694,0.201,0.252,0.989,0.427,0.0
0.1923,0.3525,0.8306,0.8525,0.4548,-0.1652,0.0
0.2191,0.1693,0.7637,0.88,0.3645,-0.3423,0.0
0.2471,0.801,0.4573,0.6743,0.9214,-0.4517,0.0
0.2374,0.6606,0.174,0.3674,0.551,-0.03326,0.0
0.4902,0.849,0.0289,0.388,0.2352,0.3665,0.0
0.1029,0.014534,0.5654,0.3735,0.2996,0.1813,0.0
0.4895,0.962,0.02687,0.815,0.10016,-0.003588,0.0
0.4194,0.2345,0.055,0.6313,0.3496,0.11945,0.0
0.2632,0.6,0.543,0.4106,0.1009,0.02505,0.0
0.2603,0.09814,0.3806,0.672,0.551,-0.495,0.0
0.256,0.4495,0.2534,0.8984,0.4336,0.1186,0.0
0.0479,0.06116,0.1548,0.621,0.8926,0.05478,0.0
0.1842,0.9873,0.1641,0.898,0.927,-0.0847,0.0
0.1797,0.03036,0.715,0.915,0.741,0.302,0.0
0.2705,0.26,0.2169,0.813,0.3774,0.003817,0.0
0.2255,0.3198,0.589,0.3718,0.608,-0.1339,0.0
0.2106,0.6636,0.292,0.9165,0.96,-0.3267,0.0
0.2222,0.02336,0.738,0.479,0.715,0.0892,0.0
0.2384,0.4465,0.642,0.334,0.627,0.007664,0.0
0.2045,0.3254,0.698,0.5005,0.2227,0.2312,0.0
0.2903,0.8154,0.0929,0.5254,0.96,-0.1338,0.0
0.2424,0.504,0.441,0.3428,0.1344,-0.3076,0.0
0.2408,0.5273,0.4294,0.5034,0.6694,-0.3782,0.0
0.1655,0.01312,0.547,0.956,0.535,-0.4363,0.0
0.2747,0.10394,0.4136,0.752,0.6123,-0.1048,0.0
0.2612,0.5107,0.1816,0.9277,0.445,0.2512,0.0
0.1614,0.2588,0.924,0.4014,0.4358,0.4346,0.0
0.2617,0.1029,0.683,0.265,0.4058,0.49,0.0
0.2314,0.1327,0.8535,0.844,0.5923,0.2622,0.0
0.3293,0.4668,0.09406,0.8843,0.5957,-0.3953,0.0
0.4944,0.3035,0.03482,0.7197,0.682,0.03732,0.0
0.2319,0.4136,0.6167,0.5215,0.3567,-0.11896,0.0
0.316,0.751,0.5786,0.4883,0.9697,-0.4253,0.0
0.2264,0.0749,0.668,0.8345,0.3596,-0.4565,0.0
0.2076,0.02827,0.6685,0.5366,0.773,0.2693,0.0
0.2776,0.3723,0.1771,0.2183,0.5776,0.3025,0.0
0.3599,0.869,0.6074,0.3765,0.2097,-0.2554,0.0
0.2957,0.118,0.4927,0.739,0.4795,0.0657,0.0
0.2751,0.1631,0.4587,0.8486,0.765,0.429,0.0
0.4775,0.802,0.8467,0.2183,0.501,0.268,0.0
0.4578,0.7134,0.03912,0.5166,0.5366,0.2208,0.0
0.2367,0.6973,0.4512,0.669,0.771,0.254,0.0
0.362,0.624,0.8433,0.6504,0.998,-0.1071,0.0
0.2659,0.807,0.497,0.944,0.8867,-0.04895,0.0
0.2708,0.2625,0.2617,0.5205,0.2014,-0.1385,0.0
0.2566,0.3625,0.3672,0.612,0.9126,0.2489,0.0
0.2025,0.185,0.805,0.949,0.2413,0.385,0.0
0.4563,0.7627,0.807,0.9478,0.6035,-0.3167,0.0
0.2747,0.9507,0.507,0.297,0.9497,0.4463,0.0
0.1683,0.99,0.1901,0.625,0.3354,0.4963,0.0
0.2194,0.149,0.8433,0.2471,0.3765,-0.423,0.0
0.2766,0.622,0.1259,0.561,0.201,0.09784,0.0
0.595,0.8506,0.9326,0.8135,0.9824,-0.1633,0.0
0.4111,0.4175,0.0566,0.6504,0.3435,0.344,0.0
0.2769,0.81,0.512,0.4023,0.2479,-0.0792,0.0
0.3018,0.5615,0.813,0.599,0.3586,0.3591,0.0
0.2546,0.493,0.69,0.3982,0.4617,0.1228,0.0
0.3242,0.5205,0.0953,0.5864,0.563,0.1209,0.0
0.2443,0.4375,0.4102,0.534,0.993,0.2927,0.0
0.341,0.641,0.727,0.4028,0.247,-0.2224,0.0
0.2465,0.3188,0.4705,0.661,0.6772,-0.143,0.0
0.2522,0.6206,0.4968,0.2158,0.11896,0.0697,0.0
0.2783,0.1615,0.428,0.933,0.4167,0.4382,0.0
0.2922,0.5386,0.873,0.369,0.658,0.4407,0.0
0.2281,0.4211,0.7227,0.5815,0.4766,-0.1586,0.0
0.2908,0.5864,0.1166,0.6206,0.829,0.3137,0.0
0.4048,0.6987,0.825,0.4202,0.877,0.0917,0.0
0.2512,0.1472,0.673,0.293,0.2305,0.4617,0.0
0.2644,0.825,0.4834,0.74,0.6313,-0.4653,0.0
0.28,0.5596,0.637,0.93,0.1888,-0.3652,0.0
0.2008,0.374,0.794,0.2458,0.575,0.4224,0.0
0.2366,0.8696,0.1261,0.2242,0.1582,0.4417,0.0
0.1927,0.812,0.207,0.791,0.4731,-0.2798,0.0
0.426,0.6494,0.9517,0.867,0.927,-0.4863,0.0
0.1937,0.827,0.1973,0.4204,0.2255,-0.0542,0.0
0.204,0.696,0.3142,0.6494,0.228,0.1614,0.0
0.221,0.4285,0.861,0.4614,0.12305,0.3328,0.0
0.3457,0.8467,0.0658,0.8877,0.3335,-0.2678,0.0
0.3118,0.3867,0.11127,0.259,0.5176,-0.2078,0.0
0.2754,0.08435,0.7183,0.7095,0.2129,-0.2252,0.0
0.2299,0.4363,0.934,0.9194,0.8594,-0.2257,0.0
0.2152,0.0808,0.4705,0.656,0.5317,-0.1764,0.0
0.4966,0.1886,0.01365,0.665,0.2612,0.3958,0.0
0.2448,0.615,0.4578,0.6377,0.3108,-0.4214,0.0
0.505,0.79,0.841,0.7827,0.2004,-0.4287,0.0
0.2306,0.919,0.4465,0.8696,0.6226,0.3071,0.0
0.2593,0.5063,0.6914,0.719,0.2625,0.207,0.0
0.137,0.02547,0.1947,0.2551,0.267,-0.169,0.0
0.371,0.438,0.0716,0.6465,0.402,0.3638,0.0
0.2722,0.2815,0.2041,0.6714,0.3555,0.3997,0.0
0.416,0.9385,0.6426,0.6133,0.3386,-0.4836,0.0
0.271,0.1305,0.6333,0.3372,0.2051,0.1803,0.0
0.2712,0.534,0.692,0.588,0.688,0.2319,0.0
0.343,0.574,0.906,0.894,0.634,-0.429,0.0
0.2551,0.1678,0.579,0.991,0.3584,-0.2603,0.0
0.2178,0.02896,0.5996,0.57,0.7896,-0.4688,0.0
0.2893,0.1423,0.3452,0.2301,0.3042,-0.08875,0.0
0.4683,0.853,0.767,0.653,0.712,0.01323,0.0
0.2365,0.1223,0.895,0.8223,0.4111,-0.006783,0.0
0.2603,0.4836,0.8506,0.6665,0.9917,-0.0875,0.0
0.3381,0.4487,0.0892,0.437,0.2151,-0.471,0.0
0.3137,0.0718,0.716,0.8496,0.1539,-0.03357,0.0
0.1871,0.0753,0.2151,0.204,0.4614,0.1327,0.0
0.2177,0.72,0.4053,0.8066,0.2178,0.4407,0.0
0.1965,0.7295,0.3003,0.505,0.6694,0.3245,0.0
0.1993,0.935,0.3882,0.4116,0.776,-0.2273,0.0
0.2125,0.4182,0.94,0.6924,0.2583,0.2224,0.0
0.275,0.98,0.506,0.5664,0.5366,0.4756,0.0
0.2296,0.0797,0.9746,0.907,0.2888,-0.1511,0.0
0.2417,0.4539,0.4258,0.417,0.2108,0.4138,0.0
0.0787,0.04092,0.0428,0.7793,0.5386,-0.3938,0.0
0.1965,0.3633,0.81,0.6274,0.10266,0.1605,0.0
0.0867,0.04294,0.2783,0.4434,0.603,-0.495,0.0
0.5127,0.7163,0.02414,0.5156,0.4973,-0.263,0.0
0.379,0.999,0.597,0.2087,0.5293,-0.304,0.0
0.7207,0.898,0.999,0.9355,0.981,-0.4934,0.0
0.2708,0.2632,0.234,0.6543,0.925,-0.335,0.0
0.273,0.5015,0.917,0.834,0.8335,0.1434,0.0
0.1775,0.8403,0.267,0.543,0.506,-0.4724,0.0
0.2427,0.02585,0.1632,0.5684,0.148,-0.2551,0.0
0.1989,0.1654,0.8936,0.2808,0.795,-0.2446,0.0
0.2534,0.6465,0.1505,0.396,0.9834,0.3481,0.0
0.1764,0.845,0.2744,0.4954,0.2876,-0.3452,0.0
0.1635,0.917,0.251,0.714,0.2627,0.105,0.0
0.2507,0.4192,0.3633,0.4297,0.906,0.02174,0.0
0.4988,0.91,0.749,0.5938,0.33,-0.3062,0.0
0.2421,0.3667,0.477,0.2137,0.1348,0.369,0.0
0.10254,0.06354,0.63,0.2021,0.705,0.1753,0.0
0.543,0.799,0.972,0.829,0.6553,0.1838,0.0
0.2969,0.5635,0.7456,0.532,0.9097,0.066,0.0
0.26,0.495,0.6694,0.2551,0.491,-0.3652,0.0
0.2086,0.3838,0.7686,0.8154,0.3586,0.05127,0.0
0.2411,0.5005,0.459,0.4229,0.709,0.1081,0.0
0.6167,0.895,0.971,0.916,0.641,0.3313,0.0
0.2474,0.6997,0.4612,0.864,0.8926,-0.4487,0.0
0.1659,0.906,0.2512,0.266,0.604,0.12177,0.0
0.285,0.1489,0.4194,0.3657,0.767,0.2427,0.0
0.1968,0.06128,0.02507,0.221,0.3423,-0.1925,0.0
0.387,0.261,0.0649,0.2024,0.957,0.3464,0.0
0.3293,0.8994,0.564,0.2896,0.253,-0.2422,0.0
0.505,0.8916,0.7603,0.8687,0.3376,-0.382,0.0
0.2893,0.611,0.613,0.526,0.3018,-0.1915,0.0
0.2441,0.3245,0.483,0.9097,0.6904,-0.3687,0.0
0.2489,0.4575,0.9697,0.345,0.272,-0.4087,0.0
0.2815,0.3804,0.1594,0.927,0.637,-0.1359,0.0
0.3596,0.7197,0.0662,0.961,0.909,0.4102,0.0
0.2078,0.8667,0.4033,0.3577,0.67,0.272,0.0
0.2164,0.3645,0.681,0.486,0.2416,-0.4028,0.0
0.4468,0.8286,0.7725,0.4653,0.7607,0.3186,0.0
0.3037,0.876,0.544,0.4153,0.375,0.05612,0.0
0.2146,0.3386,0.6523,0.3232,0.3018,0.03754,0.0
0.1642,0.279,0.9214,0.7227,0.2449,-0.456,0.0
0.3625,0.9155,0.595,0.2384,0.902,-0.3584,0.0
0.2703,0.9824,0.493,0.662,0.989,0.09625,0.0
0.24,0.4631,0.6875,0.2673,0.564,0.4272,0.0
0.41,0.8765,0.04614,0.619,0.1656,0.2612,0.0
0.2472,0.2651,0.4973,0.2651,0.2316,-0.2002,0.0
0.5103,0.9346,0.742,0.955,0.4133,-0.406,0.0
0.1879,0.2405,0.7905,0.6606,0.64,0.2627,0.0
0.51,0.8066,0.9185,0.9795,0.864,0.4172,0.0
0.1147,0.03864,0.368,0.7417,0.3813,-0.10504,0.0
0.2391,0.501,0.4358,0.4238,0.2372,0.3076,0.0
0.2932,0.527,0.9756,0.908,0.8306,0.3823,0.0
0.3418,0.9404,0.5786,0.595,0.523,0.02045,0.0
0.1827,0.25,0.812,0.4053,0.384,0.1647,0.0
0.2402,0.467,0.4617,0.4895,0.1571,0.3577,0.0
0.1687,0.8945,0.2993,0.4495,0.325,0.1583,0.0
0.2456,0.41,0.445,0.74,0.4739,-0.439,0.0
0.2883,0.143,0.3523,0.865,0.4822,-0.2961,0.0
0.2186,0.4253,0.9404,0.611,0.6177,0.0963,0.0
0.1652,0.3013,0.9277,0.6606,0.8247,-0.1117,0.0
0.2842,0.5205,0.85,0.3687,0.8535,0.0402,0.0
0.1991,0.721,0.3108,0.2107,0.1536,0.3206,0.0
0.1647,0.2725,0.9023,0.911,0.7236,0.2046,0.0
0.2496,0.4775,0.8916,0.7183,0.3303,0.4604,0.0
0.2546,0.1266,0.751,0.684,0.592,0.3418,0.0
0.2211,0.2009,0.6846,0.4705,0.788,-0.05408,0.0
0.2421,0.4492,0.571,0.2996,0.293,-0.2878,0.0
0.6045,0.956,0.8623,0.5293,0.5386,0.003885,0.0
0.2213,0.3289,0.614,0.416,0.915,-0.2285,0.0
0.235,0.5225,0.3633,0.9824,0.2006,0.286,0.0
0.2136,0.7173,0.2029,0.3044,0.259,0.11444,0.0
0.508,0.6626,0.02783,0.6616,0.7817,0.3323,0.0
0.4314,0.0971,0.013794,0.3677,0.2007,0.1462,0.0
0.1648,0.3164,0.97,0.7695,0.7026,-0.4556,0.0
0.3264,0.56,0.998,0.673,0.9355,0.3186,0.0
0.2712,0.2139,0.28,0.9272,0.5625,0.2181,0.0
0.267,0.3313,0.2966,0.559,0.6294,-0.0756,0.0
0.2426,0.532,0.2451,0.2769,0.4001,0.493,0.0
0.2832,0.1526,0.407,0.9575,0.784,-0.303,0.0
0.1752,0.08514,0.8184,0.3582,0.9956,-0.3804,0.0
0.387,0.634,0.9243,0.5415,0.4294,0.01884,0.0
0.0488,0.06018,0.06055,0.2135,0.7783,0.2107,0.0
0.3271,0.4822,0.0949,0.998,0.369,0.3088,0.0
0.2153,0.6646,0.3691,0.754,0.6567,0.327,0.0
0.2903,0.4282,0.1372,0.7144,0.4658,-0.1743,0.0
0.27,0.2441,0.3218,0.9473,0.1505,0.02429,0.0
0.3408,0.6196,0.7876,0.7744,0.638,0.01614,0.0
0.578,0.9478,0.808,0.7954,0.3284,-0.3042,0.0
0.2773,0.1616,0.4473,0.459,0.5454,0.1962,0.0
0.3984,0.6943,0.8325,0.751,0.3108,0.2725,0.0
0.279,0.3616,0.1697,0.5254,0.4985,0.1897,0.0
0.2236,0.2063,0.661,0.764,0.9585,0.3284,0.0
0.5938,0.8594,0.907,0.94,0.8154,-0.2365,0.0
0.289,0.9746,0.5225,0.3137,0.2612,0.4473,0.0
0.275,0.189,0.3499,0.7593,0.882,0.112,0.0
0.505,0.914,0.01836,0.9067,0.858,0.29,0.0
0.1836,0.358,0.8926,0.8423,0.691,0.3647,0.0
0.566,0.9834,0.8022,0.9355,0.4167,-0.03143,0.0
0.2751,0.1676,0.45,0.2499,0.11884,-0.2397,0.0
0.2319,0.415,0.5957,0.9487,0.9663,0.0744,0.0
0.2712,0.0874,0.4578,0.4045,0.3179,0.3022,0.0
0.1138,0.007225,0.436,0.3113,0.3335,0.1199,0.0
0.1606,0.254,0.9395,0.788,0.77,-0.4133,0.0
0.3643,0.813,0.6265,0.8003,0.874,-0.438,0.0
0.2651,0.05396,0.4048,0.722,0.2229,0.0742,0.0
0.2417,0.4597,0.4304,0.7437,0.918,0.1605,0.0
0.437,0.2064,0.05164,0.836,0.7085,-0.3403,0.0
0.2305,0.4211,0.621,0.7734,0.7856,0.2615,0.0
0.2441,0.4685,0.648,0.4138,0.3484,0.10895,0.0
0.2356,0.4343,0.603,0.2489,0.1149,0.1478,0.0
0.454,0.682,0.972,0.5015,0.2515,-0.2172,0.0
0.1871,0.0695,0.4016,0.665,0.428,0.4072,0.0
0.2013,0.71,0.3257,0.93,0.4385,0.3928,0.0
0.2532,0.08545,0.7646,0.342,0.2878,0.2361,0.0
0.2391,0.4497,0.865,0.903,0.759,-0.1892,0.0
0.3186,0.605,0.763,0.4832,0.1631,0.3525,0.0
0.2303,0.895,0.1278,0.689,0.809,0.2515,0.0
0.718,0.986,0.9893,0.3765,0.725,0.356,0.0
0.227,0.801,0.4265,0.4995,0.921,-0.1388,0.0
0.4448,0.8203,0.733,0.277,0.4675,-0.3672,0.0
0.2186,0.3938,0.7437,0.397,0.2305,-0.423,0.0
0.3752,0.010124,0.9,0.8154,0.7715,-0.3872,0.0
0.2452,0.4724,0.7705,0.9673,0.745,0.345,0.0
0.4353,0.868,0.725,0.616,0.7593,0.2366,0.0
0.3125,0.578,0.0994,0.5913,0.646,-0.1581,0.0
0.2917,0.591,0.1148,0.776,0.608,0.2126,0.0
0.2766,0.01712,0.3906,0.868,0.742,-0.37,0.0
0.2444,0.017,0.2277,0.5933,0.1251,-0.2651,0.0
0.2062,0.0608,0.7275,0.722,0.3062,-0.4192,0.0
0.2242,0.2935,0.5923,0.7744,0.2834,0.0872,0.0
0.2905,0.1327,0.2191,0.2261,0.5938,-0.1176,0.0
0.2847,0.8267,0.516,0.4414,0.354,-0.3062,0.0
0.167,0.2301,0.916,0.963,0.8794,-0.1815,0.0
0.262,0.3035,0.3765,0.6553,0.535,-0.262,0.0
0.4944,0.8926,0.7393,0.4343,0.2382,-0.4941,0.0
0.2935,0.1307,0.446,0.6143,0.663,-0.3809,0.0
0.3289,0.6196,0.7085,0.3162,0.774,-0.4658,0.0
0.2197,0.2983,0.6196,0.4636,0.6416,-0.3088,0.0
0.3188,0.858,0.5684,0.827,0.876,0.08606,0.0
0.3103,0.8145,0.5703,0.384,0.4597,0.2253,0.0
0.2151,0.757,0.4033,0.4402,0.787,0.3455,0.0
0.3376,0.566,0.9214,0.7837,0.3904,-0.3887,0.0
0.2927,0.02003,0.1194,0.7754,0.8257,0.4937,0.0
0.214,0.05612,0.3987,0.844,0.2952,-0.03287,0.0
0.4216,0.9004,0.6865,0.4636,0.8115,0.114,0.0
0.1808,0.8853,0.2015,0.704,0.925,0.1473,0.0
0.2532,0.5264,0.2025,0.3213,0.794,-0.35,0.0
0.2795,0.7744,0.5137,0.2844,0.715,-0.391,0.0
0.282,0.5645,0.1294,0.678,0.762,-0.05118,0.0
0.2156,0.809,0.3997,0.955,0.1853,-0.447,0.0
0.2241,0.9214,0.4304,0.898,0.9023,-0.069,0.0
0.2617,0.0953,0.5015,0.6465,0.442,-0.3882,0.0
0.2428,0.1271,0.8228,0.4175,0.7646,-0.3394,0.0
0.2644,0.666,0.5347,0.8237,0.4746,0.4731,0.0
0.3481,0.1454,0.09937,0.347,0.376,0.2898,0.0
0.2445,0.1488,0.7,0.7046,0.8755,-0.1813,0.0
0.2339,0.5947,0.423,0.6655,0.5986,0.06107,0.0
0.2756,0.4968,0.8677,0.471,0.2272,-0.407,0.0
0.1735,0.865,0.2954,0.602,0.9287,-0.06067,0.0
0.1635,0.2361,0.9346,0.8257,0.997,-0.4854,0.0
0.2412,0.0832,0.06396,0.3079,0.4316,-0.0223,0.0
0.6255,0.9634,0.907,0.4656,0.2522,0.2878,0.0
0.2277,0.2422,0.604,0.5537,0.4482,0.1134,0.0
0.1766,0.859,0.2322,0.2532,0.6553,0.3848,0.0
0.1984,0.231,0.7544,0.4502,0.3743,-0.4348,0.0
0.0948,0.0636,0.5254,0.403,0.7725,0.4521,0.0
0.558,0.00837,0.896,0.7407,0.9673,0.08246,0.0
0.1704,0.0774,0.6606,0.3455,0.8105,0.1265,0.0
0.1625,0.956,0.2222,0.2269,0.1376,0.182,0.0
0.2489,0.4438,0.3367,0.2537,0.727,0.4348,0.0
0.2153,0.8574,0.4194,0.613,0.576,0.388,0.0
0.333,0.968,0.5503,0.2825,0.2334,-0.494,0.0
0.296,0.5864,0.663,0.6216,0.951,-0.2886,0.0
0.602,0.849,0.9175,0.4758,0.5835,-0.341,0.0
0.1548,0.9688,0.2505,0.749,0.4517,0.2598,0.0
0.4548,0.7715,0.83,0.7817,0.2123,0.1149,0.0
0.3706,0.2295,0.0722,0.3877,0.527,0.2197,0.0
0.2152,0.2463,0.6577,0.4563,0.2119,0.2354,0.0
0.2778,0.539,0.1399,0.464,0.2043,0.00446,0.0
0.2455,0.7114,0.4731,0.3545,0.247,0.2883,0.0
0.2444,0.23,0.5386,0.531,0.6484,-0.4924,0.0
0.5205,0.4404,0.02226,0.4556,0.9375,0.2047,0.0
0.3271,0.6064,0.747,0.328,0.5503,-0.1912,0.0
0.1997,0.728,0.326,0.5273,0.8105,0.1443,0.0
0.4485,0.7485,0.854,0.9854,0.2737,0.1626,0.0
0.1699,0.88,0.2438,0.775,0.3179,0.4639,0.0
0.432,0.6543,0.955,0.897,0.1186,-0.481,0.0
0.5127,0.9106,0.7593,0.4146,0.129,-0.3618,0.0
0.5034,0.8906,0.758,0.4688,0.1155,-0.3962,0.0
0.277,0.3655,0.1775,0.6387,0.266,0.1589,0.0
0.2279,0.575,0.2915,0.8975,0.7847,-0.0462,0.0
0.356,0.5845,0.9585,0.3098,0.6597,-0.1877,0.0
0.2462,0.4766,0.2993,0.6914,0.11053,0.3662,0.0
0.4446,0.702,0.8867,0.3015,0.688,-0.2556,0.0
0.1447,0.05557,0.868,0.7837,0.3909,-0.329,0.0
0.1963,0.728,0.2954,0.7485,0.135,0.3635,0.0
0.3296,0.2079,0.0955,0.442,0.7227,-0.0314,0.0
0.2343,0.171,0.684,0.483,0.9697,-0.4014,0.0
0.281,0.1501,0.2264,0.4883,0.5254,-0.397,0.0
0.4011,0.6274,0.05597,0.2094,0.1642,0.3772,0.0
0.2527,0.4365,0.3088,0.357,0.1586,0.2725,0.0
0.3809,0.10504,0.074,0.2656,0.2405,0.1183,0.0
0.1927,0.8945,0.3728,0.319,0.2795,0.02046,0.0
0.2793,0.7705,0.5176,0.801,0.10486,-0.2878,0.0
0.2563,0.3438,0.3867,0.915,0.8135,-0.04407,0.0
0.2291,0.08905,0.637,0.4807,0.5117,-0.2021,0.0
0.2708,0.3193,0.25,0.263,0.447,-0.2646,0.0
0.2135,0.3853,0.7124,0.345,0.235,0.362,0.0
0.2551,0.1,0.09766,0.8936,0.9395,-0.2068,0.0
0.2676,0.44,0.1943,0.8745,0.7393,-0.4568,0.0
0.4043,0.6753,0.8706,0.458,0.982,0.0777,0.0
0.1941,0.7524,0.3135,0.2722,0.3564,0.1935,0.0
0.18,0.308,0.843,0.4167,0.6074,-0.268,0.0
0.2769,0.1765,0.327,0.859,0.5894,-0.3923,0.0
0.168,0.934,0.2137,0.6113,0.4514,0.2688,0.0
0.2896,0.9443,0.5254,0.817,0.63,0.3904,0.0
0.196,0.0926,0.93,0.55,0.7373,-0.04404,0.0
0.554,0.98,0.8,0.989,0.7627,0.0833,0.0
0.2142,0.02205,0.751,0.4985,0.6987,0.4917,0.0
0.2983,0.46,0.1229,0.7935,0.594,-0.3293,0.0
0.2422,0.4897,0.3677,0.595,0.2084,-0.4502,0.0
0.272,0.5674,0.583,0.841,0.287,-0.4844,0.0
0.2664,0.2915,0.3362,0.9443,0.10126,0.393,0.0
0.261,0.3186,0.371,0.8022,0.7812,-0.1254,0.0
0.2223,0.393,0.671,0.2737,0.1439,-0.02689,0.0
0.1793,0.3564,0.98,0.334,0.1779,-0.2698,0.0
0.269,0.1694,0.4946,0.3154,0.6997,0.1775,0.0
0.274,0.5776,0.6167,0.7485,0.4321,0.1945,0.0
0.2351,0.2524,0.5605,0.8833,0.4658,-0.1343,0.0
0.2922,0.1132,0.5073,0.9688,0.4133,-0.3518,0.0
0.3665,0.3743,0.07385,0.4858,0.762,-0.1805,0.0
0.3872,0.6367,0.873,0.2993,0.506,-0.324,0.0
0.312,0.6514,0.653,0.972,0.699,0.0787,0.0
0.1616,0.9985,0.3157,0.6245,0.3777,-0.4946,0.0
0.281,0.5273,0.1377,0.452,0.2028,-0.244,0.0
0.374,0.891,0.626,0.8833,0.7427,-0.05472,0.0
0.2448,0.672,0.1558,0.827,0.688,0.1142,0.0
0.3403,0.8013,0.0699,0.9893,0.2009,-0.2375,0.0
0.2795,0.1586,0.272,0.3987,0.6963,0.4158,0.0
0.168,0.2812,0.8975,0.2883,0.3218,-0.2893,0.0
0.436,0.865,0.6934,0.3708,0.747,-0.4233,0.0
0.1996,0.7305,0.3303,0.5063,0.9526,0.2235,0.0
0.3738,0.993,0.5913,0.794,0.5225,-0.3938,0.0
0.2494,0.141,0.708,0.3384,0.9043,-0.2166,0.0
0.2072,0.719,0.222,0.4634,0.4707,0.04944,0.0
0.308,0.467,0.11176,0.7783,0.337,-0.0627,0.0
0.4824,0.435,0.03784,0.2998,0.3708,-0.05432,0.0
0.2195,0.997,0.1249,0.46,0.9395,-0.4473,0.0
0.1774,0.0695,0.29,0.2086,0.4297,-0.4275,0.0
0.2223,0.00845,0.8037,0.9424,0.579,0.0823,0.0
0.282,0.948,0.5034,0.3286,0.258,-0.1525,0.0
0.4941,0.954,0.02554,0.9893,0.1251,-0.1254,0.0
0.2325,0.59,0.395,0.775,0.4316,-0.4822,0.0
0.257,0.1553,0.606,0.9067,0.3552,0.2317,0.0
0.239,0.7944,0.4443,0.2092,0.2013,-0.33,0.0
0.2788,0.4958,0.995,0.8213,0.2118,-0.207,0.0
0.3113,0.651,0.6533,0.34,0.3887,0.1547,0.0
0.2437,0.4258,0.435,0.5923,0.2751,0.1877,0.0
0.515,0.3992,0.02821,0.8823,0.7383,-0.0768,0.0
0.2578,0.4846,0.689,0.803,0.253,-0.4888,0.0
0.255,0.3008,0.4277,0.696,0.874,-0.1368,0.0
0.2908,0.10364,0.305,0.953,0.2456,0.2783,0.0
0.2168,0.6514,0.253,0.2269,0.8667,-0.4314,0.0
0.2615,0.1586,0.571,0.6816,0.8594,0.2837,0.0
0.2427,0.9043,0.1162,0.668,0.88,0.4731,0.0
0.295,0.527,0.847,0.485,0.8066,-0.3313,0.0
0.2566,0.955,0.4675,0.741,0.6846,-0.4363,0.0
0.264,0.5874,0.1508,0.2578,0.89,0.1175,0.0
0.2844,0.579,0.6743,0.6943,0.1752,0.4138,0.0
0.2878,0.1442,0.3433,0.655,0.4968,0.269,0.0
0.2493,0.511,0.517,0.857,0.698,-0.4404,0.0
0.3604,0.5933,0.9893,0.8467,0.907,0.1403,0.0
0.234,0.4463,0.8335,0.7207,0.61,0.1096,0.0
0.3752,0.4302,0.0698,0.571,0.1769,0.2705,0.0
0.4985,0.11206,0.02827,0.2793,0.2258,0.2284,0.0
0.166,0.931,0.3103,0.311,0.928,0.0781,0.0
0.2844,0.554,0.6924,0.8286,0.3123,-0.07465,0.0
0.2754,0.1409,0.5522,0.4705,0.6416,0.4895,0.0
0.218,0.4102,0.7886,0.369,0.734,0.0658,0.0
0.261,0.241,0.4277,0.97,0.805,-0.1526,0.0
0.2856,0.289,0.1438,0.57,0.609,-0.3962,0.0
0.1909,0.08417,0.494,0.6646,0.962,-0.2499,0.0
0.2053,0.688,0.3086,0.7793,0.687,0.0378,0.0
0.2576,0.2703,0.4282,0.919,0.782,0.06464,0.0
0.2377,0.594,0.4424,0.4622,0.2844,0.08545,0.0
0.198,0.08826,0.7534,0.747,0.7812,-0.08435,0.0
0.1978,0.235,0.7544,0.2147,0.751,-0.4224,0.0
0.5776,0.938,0.8604,0.561,0.1543,0.1807,0.0
0.312,0.9014,0.543,0.2507,0.4297,-0.2317,0.0
0.27,0.1807,0.455,0.3682,0.895,-0.2031,0.0
0.4675,0.4456,0.04123,0.4739,0.1318,0.3843,0.0
0.2457,0.4697,0.3389,0.3965,0.581,-0.1755,0.0
0.2244,0.7334,0.1708,0.5557,0.9595,0.4373,0.0
0.2397,0.10315,0.8613,0.9663,0.3809,-0.48,0.0
0.256,0.339,0.3906,0.98,0.682,0.00539,0.0
0.2388,0.538,0.2576,0.726,0.2651,0.434,0.0
0.2786,0.1567,0.2576,0.8784,0.8105,0.3457,0.0
0.2157,0.01021,0.2394,0.776,0.1329,0.1776,0.0
0.404,0.725,0.78,0.4001,0.6567,0.0427,0.0
0.6187,0.8945,0.946,0.935,0.1991,0.0866,0.0
0.598,0.844,0.917,0.703,0.9336,-0.348,0.0
0.2556,0.5483,0.1812,0.4746,0.128,-0.06384,0.0
0.259,0.1064,0.8203,0.9814,0.1362,0.2102,0.0
0.2563,0.081,0.384,0.431,0.3328,0.483,0.0
0.3577,0.02014,0.5166,0.5737,0.8955,-0.09906,0.0
0.1979,0.3994,0.9736,0.9316,0.868,0.3154,0.0
0.1603,0.948,0.238,0.679,0.4368,-0.02493,0.0
0.3054,0.6133,0.6753,0.2208,0.1799,0.06158,0.0
0.553,0.973,0.7944,0.3118,0.2903,-0.01942,0.0
0.2522,0.5786,0.176,0.4895,0.1194,-0.4668,0.0
0.189,0.1958,0.8545,0.538,0.8057,0.1359,0.0
0.2686,0.3152,0.2869,0.564,0.972,0.4475,0.0
0.2319,0.4268,0.7446,0.2854,0.1821,-0.3977,0.0
0.321,0.4941,0.0992,0.622,0.4626,-0.3794,0.0
0.2344,0.4019,0.5757,0.2217,0.545,-0.269,0.0
0.3071,0.6157,0.6924,0.5786,0.1375,0.2761,0.0
0.1836,0.2128,0.847,0.6763,0.5664,0.4155,0.0
0.2181,0.04828,0.9307,0.2708,0.2205,0.2499,0.0
0.1833,0.3372,0.85,0.4878,0.85,0.1731,0.0
0.4197,0.9277,0.0427,0.592,0.4897,0.02834,0.0
0.2396,0.4976,0.4622,0.5547,0.7075,0.3845,0.0
0.3022,0.5684,0.7207,0.2401,0.2598,-0.3477,0.0
0.215,0.758,0.392,0.3958,0.2764,-0.1873,0.0
0.1921,0.1947,0.8403,0.4097,0.771,0.2423,0.0
0.3865,0.2207,0.0664,0.4795,0.6846,0.4634,0.0
0.22,0.08923,0.07715,0.4753,0.6685,0.1617,0.0
0.3604,0.579,0.9883,0.31,0.6523,-0.3564,0.0
0.4604,0.7676,0.83,0.202,0.866,-0.05417,0.0
0.2115,0.6797,0.2445,0.569,0.3179,-0.4426,0.0
0.716,0.896,0.996,0.999,0.812,-0.4768,0.0
0.2507,0.4053,0.3816,0.4478,0.3835,-0.01823,0.0
0.4128,0.6826,0.9136,0.961,0.1892,0.3823,0.0
0.27,0.3047,0.2605,0.861,0.961,-0.3948,0.0
0.2717,0.2264,0.2913,0.3896,0.693,-0.338,0.0
0.3137,0.5625,0.9023,0.4858,0.6587,0.438,0.0
0.2295,0.5635,0.3425,0.763,0.2693,-0.04758,0.0
0.3933,0.175,0.0688,0.829,0.9985,0.0924,0.0
0.306,0.5503,0.818,0.4214,0.236,-0.2269,0.0
0.242,0.2401,0.54,0.5244,0.726,-0.2944,0.0
0.2517,0.739,0.473,0.4897,0.941,-0.2174,0.0
0.2347,0.6387,0.4397,0.994,0.3015,0.1321,0.0
0.2415,0.4524,0.57,0.4573,0.8975,-0.1471,0.0
0.4534,0.5474,0.0436,0.5605,0.6333,-0.2246,0.0
0.2351,0.576,0.4402,0.885,0.4482,0.407,0.0
0.505,0.3284,0.01502,0.9893,0.4832,-0.316,0.0
0.278,0.709,0.533,0.772,0.944,-0.154,0.0
0.1426,0.0725,0.9297,0.204,0.656,0.2006,0.0
0.3044,0.5396,0.8857,0.876,0.4614,-0.1112,0.0
0.268,0.4543,0.1875,0.4565,0.3474,-0.3918,0.0
0.2537,0.4666,0.2551,0.534,0.8984,0.0358,0.0
0.4502,0.8384,0.7495,0.4211,0.9053,-0.0212,0.0
0.2515,0.383,0.3933,0.503,0.3203,0.255,0.0
0.6504,0.9434,0.889,0.4878,0.1802,-0.2445,0.0
0.3843,0.8813,0.6465,0.86,0.1698,0.08527,0.0
0.296,0.3247,0.1284,0.5186,0.1959,-0.3806,0.0
0.0865,0.0513,0.7354,0.78,0.59,0.3308,0.0
0.353,0.7944,0.642,0.8696,0.185,0.1915,0.0
0.1364,0.02155,0.55,0.2361,0.2477,0.3296,0.0
0.2054,0.748,0.3586,0.8423,0.6934,-0.3262,0.0
0.2588,0.66,0.5034,0.5356,0.4062,-0.06854,0.0
0.09766,0.0241,0.07996,0.9204,0.4546,-0.09033,0.0
0.1584,0.08014,0.2046,0.521,0.869,-0.04562,0.0
0.2391,0.516,0.4612,0.875,0.8804,0.3567,0.0
0.1985,0.2402,0.7427,0.4631,0.984,-0.0794,0.0
0.2454,0.4863,0.584,0.868,0.8965,0.1826,0.0
0.4995,0.8286,0.02667,0.2201,0.275,0.3086,0.0
0.4194,0.64,0.9956,0.4841,0.3423,-0.2329,0.0
0.241,0.792,0.4597,0.884,0.1252,0.1588,0.0
0.2751,0.4941,0.934,0.2605,0.81,-0.2429,0.0
0.2374,0.604,0.4302,0.244,0.3882,-0.264,0.0
0.2761,0.93,0.5073,0.962,0.8887,0.2498,0.0
0.4985,0.9805,0.01136,0.291,0.223,-0.1951,0.0
0.3916,0.779,0.716,0.4036,0.6016,0.2394,0.0
0.0758,0.05298,0.1863,0.8677,0.554,0.003635,0.0
0.2391,0.846,0.1265,0.774,0.779,0.457,0.0
0.282,0.3083,0.1571,0.2996,0.2666,0.02371,0.0
0.2365,0.1197,0.9,0.939,0.592,0.3115,0.0
0.2257,0.3538,0.6,0.8804,0.983,-0.418,0.0
0.266,0.6123,0.5254,0.3442,0.1676,-0.4993,0.0
0.3225,0.5586,0.9756,0.9634,0.4673,0.311,0.0
0.1874,0.188,0.881,0.992,0.1356,-0.2908,0.0
0.3853,0.8076,0.6934,0.886,0.5537,0.372,0.0
0.3015,0.1116,0.3396,0.3374,0.1903,-0.02583,0.0
0.2273,0.768,0.1555,0.5884,0.6724,0.4368,0.0
0.2776,0.2122,0.1613,0.418,0.8564,0.005745,0.0
0.1857,0.31,0.792,0.3445,0.6255,0.4922,0.0
0.4092,0.668,0.8843,0.939,0.6323,-0.12274,0.0
0.2476,0.6387,0.1626,0.414,0.4895,0.2104,0.0
0.344,0.58,0.887,0.602,0.6875,-0.3745,0.0
0.4246,0.366,0.05264,0.2585,0.5444,-0.05243,0.0
0.246,0.1057,0.933,0.987,0.10126,0.3987,0.0
0.2524,0.5405,0.1945,0.5493,0.3987,0.3303,0.0
0.3284,0.5854,0.841,0.7075,0.661,0.07916,0.0
0.293,0.6436,0.5933,0.5073,0.7827,-0.2517,0.0
0.242,0.484,0.459,0.4583,0.4346,-0.04388,0.0
0.3123,0.744,0.579,0.4282,0.5107,-0.302,0.0
0.2332,0.0995,0.8477,0.7734,0.465,-0.3474,0.0
0.2407,0.4656,0.4993,0.8135,0.253,0.1401,0.0
0.4458,0.894,0.695,0.9985,0.482,-0.383,0.0
0.342,0.6177,0.07935,0.3464,0.783,-0.2947,0.0
0.2861,0.544,0.694,0.4678,0.301,-0.4688,0.0
0.3264,0.882,0.571,0.665,0.7964,0.00992,0.0
0.2837,0.643,0.116,0.252,0.4592,-0.3774,0.0
0.2396,0.5645,0.4585,0.6445,0.921,0.2476,0.0
0.1953,0.9917,0.1497,0.3887,0.5737,0.3225,0.0
0.2406,0.4753,0.543,0.339,0.9893,0.4573,0.0
0.2637,0.3232,0.3418,0.7783,0.852,-0.1562,0.0
0.214,0.4028,0.8706,0.2913,0.852,-0.4465,0.0
0.2795,0.154,0.2131,0.7095,0.1686,-0.2766,0.0
0.2437,0.4575,0.5103,0.2328,0.5337,-0.3206,0.0
0.2546,0.449,0.2678,0.9736,0.2385,-0.2786,0.0
0.2491,0.461,0.7847,0.5034,0.10474,-0.441,0.0
0.3604,0.7437,0.666,0.4194,0.3623,-0.1838,0.0
0.347,0.603,0.902,0.965,0.564,0.3555,0.0
0.276,0.1805,0.2986,0.3447,0.2856,0.1559,0.0
0.2249,0.773,0.431,0.8623,0.41,0.3628,0.0
0.1678,0.9033,0.3066,0.577,0.7,0.3289,0.0
0.4456,0.725,0.8926,0.697,0.969,0.2158,0.0
0.1875,0.2356,0.798,0.777,0.7,0.1243,0.0
0.512,0.2183,0.02061,0.9307,0.266,-0.4124,0.0
0.2712,0.1951,0.2246,0.4321,0.9067,-0.2507,0.0
0.4233,0.8,0.0448,0.929,0.51,0.2666,0.0
0.4836,0.5015,0.03696,0.4001,0.9214,0.4712,0.0
0.2214,0.1038,0.9224,0.702,0.7056,-0.4683,0.0
0.1561,0.9604,0.2778,0.5356,0.6636,0.251,0.0
0.1846,0.7974,0.255,0.6724,0.6323,0.2147,0.0
0.5225,0.7773,0.941,0.737,0.8584,-0.04086,0.0
0.36,0.69,0.721,0.958,0.9424,-0.05862,0.0
0.1963,0.2915,0.734,0.7646,0.617,-0.05698,0.0
0.2632,0.3047,0.3625,0.5654,0.2505,0.1367,0.0
0.2491,0.4578,0.8887,0.5474,0.9644,-0.4937,0.0
0.3098,0.1144,0.1456,0.8174,0.4744,0.1372,0.0
0.4265,0.688,0.9097,0.9727,0.1251,0.08887,0.0
0.2329,0.4363,0.918,0.5312,0.938,-0.4246,0.0
0.2244,0.718,0.1772,0.5415,0.2443,-0.3994,0.0
0.3188,0.559,0.9263,0.3677,0.93,0.2197,0.0
0.296,0.92,0.0827,0.793,0.874,-0.4893,0.0
0.2416,0.5293,0.4656,0.621,0.2803,0.0767,0.0
0.2483,0.2532,0.4993,0.457,0.724,-0.4194,0.0
0.2098,0.2211,0.7036,0.943,0.6665,0.4958,0.0
0.3052,0.1594,0.13,0.814,0.994,-0.2455,0.0
0.1711,0.2625,0.8765,0.5015,0.4246,-0.4124,0.0
0.2683,0.09973,0.5903,0.898,0.393,0.4683,0.0
0.2932,0.642,0.6294,0.8433,0.5513,0.49,0.0
0.5693,0.005386,0.9053,0.5356,0.918,0.1197,0.0
0.2229,0.10236,0.857,0.3867,0.839,0.3887,0.0
0.2299,0.5747,0.2717,0.93,0.8164,-0.1836,0.0
0.365,0.78,0.669,0.7437,0.14,0.1985,0.0
0.5073,0.4446,0.03125,0.8438,0.984,-0.2988,0.0
0.3545,0.5366,0.077,0.522,0.5522,0.0522,0.0
0.5244,0.8667,0.7974,0.467,0.435,-0.382,0.0
0.163,0.0717,0.775,0.4512,0.5522,-0.1843,0.0
0.10504,0.0301,0.333,0.6016,0.4214,-0.282,0.0
0.2247,0.622,0.3918,0.9873,0.5747,0.2229,0.0
0.2257,0.0952,0.9204,0.989,0.37,-0.1832,0.0
0.2336,0.09375,0.3398,0.293,0.6597,0.3025,0.0
0.1858,0.8677,0.1978,0.47,0.2286,0.007935,0.0
0.2455,0.4421,0.4006,0.326,0.5938,-0.00413,0.0
0.2988,0.1227,0.4575,0.6465,0.9814,0.1682,0.0
0.2634,0.1021,0.09985,0.2048,0.9907,-0.004898,0.0
0.2362,0.4177,0.589,0.6084,0.904,-0.4048,0.0
0.204,0.2542,0.7056,0.921,0.62,-0.3008,0.0
0.3538,0.892,0.588,0.397,0.6963,-0.4514,0.0
0.1693,0.0767,0.9106,0.7344,0.605,0.1565,0.0
0.2537,0.7876,0.475,0.959,0.482,-0.187,0.0
0.256,0.2527,0.4514,0.7373,0.3198,0.1886,0.0
0.2537,0.898,0.1087,0.708,0.423,-0.05435,0.0
0.562,0.926,0.8403,0.7505,0.893,0.06097,0.0
0.2388,0.2467,0.552,0.2019,0.2092,-0.00706,0.0
0.2079,0.3762,0.7803,0.505,0.4805,-0.3352,0.0
0.1042,0.0675,0.1951,0.5913,0.639,-0.337,0.0
0.2053,0.0737,0.3044,0.545,0.4038,0.3142,0.0
0.2013,0.3386,0.7305,0.2234,0.3643,0.2343,0.0
0.2566,0.615,0.509,0.883,0.1876,-0.1373,0.0
0.1987,0.4,0.9473,0.5537,0.7437,0.4722,0.0
0.4578,0.1228,0.05994,0.8726,0.6895,0.2576,0.0
0.2218,0.2098,0.6655,0.671,0.7246,0.11884,0.0
0.1722,0.3037,0.891,0.445,0.6724,-0.3745,0.0
0.2153,0.6562,0.3628,0.33,0.61,0.465,0.0
0.11237,0.04623,0.378,0.695,0.457,-0.3354,0.0
0.2108,0.0884,0.636,0.617,0.7227,-0.43,0.0
0.2996,0.617,0.6675,0.5425,0.826,0.3313,0.0
0.3044,0.608,0.10254,0.7437,0.984,-0.1278,0.0
0.2314,0.734,0.4258,0.324,0.3562,-0.3372,0.0
0.2482,0.1278,0.785,0.3394,0.8984,0.03976,0.0
0.2286,0.601,0.2446,0.3088,0.9307,-0.2188,0.0
0.1754,0.219,0.885,0.4397,0.3008,0.0379,0.0
0.4521,0.869,0.709,0.724,0.549,-0.4573,0.0
0.3904,0.672,0.83,0.7876,0.638,-0.00856,0.0
0.2388,0.572,0.4402,0.2805,0.3315,-0.01188,0.0
0.6313,0.93,0.911,0.572,0.1954,-0.01522,0.0
0.3547,0.06128,0.0905,0.455,0.10846,-0.3325,0.0
0.4348,0.7163,0.852,0.7046,0.8,-0.0926,0.0
0.2878,0.3662,0.1456,0.4136,0.165,0.457,0.0
0.1757,0.848,0.2983,0.4006,0.896,0.2568,0.0
0.2788,0.6235,0.57,0.2603,0.544,-0.1863,0.0
0.1815,0.833,0.2295,0.9604,0.2603,0.1644,0.0
0.251,0.158,0.6357,0.282,0.9126,-0.04968,0.0
0.2197,0.334,0.6235,0.842,0.328,-0.308,0.0
0.2377,0.4392,0.5596,0.4617,0.2006,0.1604,0.0
0.2712,0.556,0.1453,0.893,0.698,-0.4077,0.0
0.33,0.399,0.0951,0.4463,0.4568,0.03102,0.0
0.1968,0.293,0.723,0.836,0.402,0.4434,0.0
0.6187,0.963,0.9146,0.547,0.1823,0.462,0.0
0.545,0.938,0.7866,0.8975,0.8213,-0.2493,0.0
0.5127,0.1302,0.0411,0.5513,0.9194,0.05188,0.0
0.2197,0.829,0.4126,0.5923,0.6675,-0.281,0.0
0.3347,0.582,0.8306,0.9604,0.1888,-0.4045,0.0
0.3252,0.2976,0.09644,0.728,0.4487,-0.222,0.0
0.3213,0.565,0.9546,0.753,0.9937,0.4907,0.0
0.1809,0.8516,0.3162,0.808,0.823,-0.4973,0.0
0.1794,0.348,0.9136,0.5767,0.992,0.0978,0.0
0.2479,0.281,0.4812,0.7734,0.8564,-0.3252,0.0
0.2438,0.173,0.631,0.2603,0.292,0.2214,0.0
0.285,0.1504,0.344,0.7295,0.711,0.3057,0.0
0.2136,0.4,0.809,0.5654,0.871,-0.1532,0.0
0.2352,0.5166,0.3801,0.905,0.644,0.4727,0.0
0.287,0.564,0.7104,0.3645,0.825,0.2815,0.0
0.3127,0.401,0.1095,0.7607,0.811,-0.11743,0.0
0.2069,0.692,0.3132,0.2952,0.2097,-0.3826,0.0
0.2996,0.12415,0.378,0.996,0.6567,-0.0571,0.0
0.2764,0.4146,0.1709,0.669,0.273,0.0422,0.0
0.2776,0.716,0.546,0.794,0.987,0.3762,0.0
0.281,0.51,0.8843,0.4756,0.2383,-0.0811,0.0
0.2415,0.4622,0.6704,0.77,0.534,0.1631,0.0
0.2379,0.4253,0.592,0.6675,0.1735,-0.4802,0.0
0.2666,0.4019,0.225,0.9004,0.4758,-0.3206,0.0
0.209,0.3594,0.733,0.298,0.5444,-0.457,0.0
0.09705,0.01672,0.907,0.3423,0.4126,0.4253,0.0
0.5034,0.9556,0.01929,0.5923,0.9946,0.3203,0.0
0.463,0.881,0.725,0.4736,0.2288,-0.2817,0.0
0.2428,0.4766,0.3945,0.5728,0.784,-0.264,0.0
0.4617,0.8867,0.7163,0.2036,0.512,-0.3577,0.0
0.2114,0.4016,0.8604,0.3975,0.5713,-0.1964,0.0
0.31,0.683,0.633,0.81,0.917,0.3462,0.0
0.2393,0.4954,0.4233,0.965,0.8857,0.1254,0.0
0.365,0.803,0.06104,0.758,0.708,-0.3208,0.0
0.2505,0.874,0.4614,0.2482,0.4292,-0.403,0.0
0.255,0.1886,0.5347,0.868,0.3374,0.1425,0.0
0.2664,0.261,0.3694,0.4583,0.4634,0.4355,0.0
0.2676,0.2722,0.3394,0.9097,0.653,0.07623,0.0
0.1873,0.3516,0.8545,0.2837,0.9033,0.204,0.0
0.2382,0.5747,0.4216,0.5654,0.993,-0.4849,0.0
0.21,0.9478,0.418,0.2903,0.956,0.457,0.0
0.2837,0.9053,0.519,0.465,0.8916,0.2751,0.0
0.255,0.275,0.444,0.81,0.911,-0.1143,0.0
0.2883,0.01479,0.02968,0.2427,0.731,0.0628,0.0
0.2925,0.1461,0.1631,0.9355,0.3574,0.4756,0.0
0.3643,0.9023,0.05756,0.802,0.855,0.1891,0.0
0.2847,0.1357,0.509,0.4773,0.9004,0.11255,1.0
0.295,0.9775,0.08014,0.5767,0.2761,-0.255,2.0
0.2467,0.4734,0.596,0.762,0.435,-0.2457,3.0
0.2402,0.2615,0.5317,0.5356,0.7905,-0.00678,4.0
0.182,0.2944,0.8096,0.242,0.589,0.2637,5.0
0.2214,0.758,0.416,0.9526,0.804,0.1014,6.0
0.2244,0.6777,0.1951,0.6357,0.9126,0.1571,7.0
0.2052,0.255,0.6987,0.7314,0.5444,-0.0725,8.0
0.2374,0.3447,0.5146,0.571,0.8145,0.0641,9.0
0.2167,0.6367,0.328,0.6143,0.506,-0.1376,10.0
0.2097,0.668,0.2837,0.236,0.2373,0.05267,11.0
0.2747,0.3289,0.1952,0.3616,0.4211,0.006958,1.0
0.2471,0.2595,0.5,0.579,0.451,-0.3557,2.0
0.2805,0.9805,0.503,0.3748,0.3525,0.02159,3.0
0.1917,0.02304,0.657,0.838,0.65,-0.2834,4.0
0.2455,0.4812,0.653,0.698,0.3928,0.3772,5.0
0.563,0.927,0.831,0.9585,0.39,-0.0508,6.0
0.0882,0.0676,0.2812,0.7695,0.9033,-0.2546,7.0
0.3813,0.1901,0.0711,0.989,0.8574,0.2003,8.0
0.2125,0.2488,0.666,0.651,0.9,0.439,9.0
0.2313,0.288,0.5596,0.6797,0.5557,0.1542,10.0
0.182,0.3516,0.9062,0.4026,0.571,0.0757,11.0
0.1553,0.23,0.9873,0.4978,0.3428,0.2534,1.0
0.1836,0.3547,0.885,0.5493,0.8555,0.3625,2.0
0.27,0.2175,0.3787,0.497,0.426,0.02765,3.0
0.2483,0.4756,0.7275,0.55,0.6577,0.1553,4.0
0.257,0.4778,0.9766,0.727,0.6104,0.12213,5.0
0.2112,0.7324,0.1995,0.993,0.982,-0.3455,6.0
0.2246,0.3071,0.587,0.732,0.5527,0.1951,7.0
0.33,0.3352,0.0942,0.4106,0.1658,0.3613,8.0
0.09845,0.06964,0.259,0.638,0.955,-0.4778,9.0
0.24,0.452,0.6353,0.5796,0.71,-0.02005,10.0
0.2361,0.7275,0.1533,0.7173,0.401,0.1915,11.0
0.2686,0.1886,0.446,0.595,0.781,0.4075,1.0
0.2175,0.671,0.2247,0.334,0.739,-0.3867,2.0
0.2517,0.4714,0.8125,0.857,0.1415,-0.1448,3.0
0.1956,0.832,0.3694,0.2499,0.7017,0.3105,4.0
0.2357,0.642,0.1858,0.4778,0.563,-0.0108,5.0
0.2139,0.6543,0.2666,0.523,0.3733,-0.195,6.0
0.397,0.7847,0.689,0.3127,0.533,-0.3667,7.0
0.2466,0.09985,0.6167,0.214,0.7715,-0.1098,8.0
0.2178,0.403,0.7627,0.8506,0.4038,-0.11194,9.0
0.3176,0.997,0.5356,0.753,0.979,-0.2932,10.0
0.1653,0.2047,0.977,0.2834,0.9277,-0.2979,11.0
0.2646,0.564,0.576,0.2869,0.7026,-0.00968,1.0
0.2603,0.598,0.5386,0.6797,0.3682,0.11694,2.0
0.2507,0.421,0.3567,0.774,0.612,-0.0625,3.0
0.2366,0.5576,0.4275,0.5977,0.4612,0.07806,4.0
0.235,0.527,0.346,0.5845,0.4985,0.1948,5.0
0.2473,0.3445,0.4524,0.4895,0.6343,0.07135,6.0
0.242,0.539,0.4614,0.4045,0.6387,0.001204,7.0
0.295,0.6733,0.10254,0.9766,0.10205,0.0866,8.0
0.2238,0.398,0.657,0.5176,0.571,0.101,9.0
0.226,0.4065,0.659,0.6094,0.78,0.04984,10.0
0.4124,0.961,0.641,0.2527,0.1229,-0.2522,11.0
0.256,0.3813,0.3552,0.788,0.7466,-0.2522,1.0
0.271,0.319,0.2333,0.7793,0.801,-0.0873,2.0
0.2284,0.3752,0.582,0.6934,0.174,0.0746,3.0
0.2167,0.8804,0.1445,0.46,0.925,-0.2637,4.0
0.2445,0.4998,0.5093,0.612,0.1742,-0.002762,5.0
0.2421,0.4702,0.4707,0.656,0.3174,-0.0651,6.0
0.07574,0.0526,0.398,0.3472,0.7266,-0.2876,7.0
0.2158,0.0785,0.408,0.567,0.4932,0.3,8.0
0.1865,0.359,0.877,0.5615,0.1945,0.2869,9.0
0.2393,0.326,0.5093,0.5703,0.4084,-0.08563,10.0
0.2289,0.1848,0.6753,0.8423,0.801,-0.1335,11.0
0.2654,0.5615,0.59,0.4854,0.4844,0.0812,1.0
0.432,0.8486,0.741,0.7373,0.944,0.404,2.0
0.286,0.9536,0.5195,0.3335,0.1094,0.4011,3.0
0.2573,0.2688,0.4353,0.2336,0.372,0.2045,4.0
0.1938,0.3728,0.898,0.2257,0.8677,-0.1504,5.0
0.185,0.2014,0.8623,0.893,0.402,-0.1772,6.0
0.2089,0.3796,0.739,0.4688,0.6387,0.3442,7.0
0.2274,0.1608,0.7476,0.8306,0.7,-0.4932,8.0
0.2308,0.4102,0.6304,0.724,0.801,-0.2537,9.0
0.2106,0.3071,0.665,0.665,0.6787,-0.2151,10.0
0.2119,0.3364,0.659,0.374,0.2761,0.3584,11.0
0.2466,0.2703,0.492,0.567,0.7754,0.4683,1.0
0.2502,0.11304,0.7925,0.5825,0.6377,0.484,2.0
0.2325,0.913,0.449,0.3723,0.7505,0.3252,3.0
0.2078,0.783,0.1854,0.2434,0.784,-0.4075,4.0
0.2576,0.4863,0.68,0.87,0.9556,-0.457,5.0
0.2477,0.4907,0.5923,0.4846,0.5283,0.1404,6.0
0.1968,0.995,0.386,0.2462,0.663,-0.4888,7.0
0.2308,0.2301,0.5986,0.731,0.644,0.35,8.0
0.2435,0.2163,0.5557,0.55,0.601,-0.0777,9.0
0.2285,0.68,0.422,0.2761,0.8213,0.1542,10.0
0.2313,0.0732,0.7456,0.9688,0.3057,0.372,11.0
0.2634,0.38,0.2842,0.5034,0.655,-0.002901,1.0
0.2788,0.2803,0.1611,0.7056,0.2021,-0.0544,2.0
0.2703,0.32,0.2373,0.9624,0.1403,0.0373,3.0
0.3123,0.709,0.6133,0.3586,0.8394,0.2054,4.0
0.2272,0.1415,0.831,0.63,0.611,-0.1454,5.0
0.2251,0.09717,0.756,0.7173,0.746,0.2227,6.0
0.2793,0.1538,0.2141,0.9204,0.5093,0.3618,7.0
0.2737,0.8374,0.513,0.2454,0.1757,0.326,8.0
0.1815,0.3247,0.8457,0.8335,0.4321,-0.0457,9.0
0.2522,0.5405,0.5483,0.4058,0.4324,0.2405,10.0
0.2395,0.4436,0.7095,0.806,0.862,-0.3926,11.0
0.2432,0.4114,0.464,0.73,0.223,-0.1913,1.0
0.2407,0.459,0.743,0.619,0.5815,0.1637,2.0
0.2396,0.505,0.4404,0.5464,0.6973,0.1626,3.0
0.211,0.9683,0.4116,0.516,0.4717,-0.1361,4.0
0.2391,0.459,0.5557,0.502,0.3635,0.3577,5.0
0.2418,0.1707,0.647,0.3225,0.985,-0.2524,6.0
0.2402,0.4531,0.563,0.6035,0.4358,0.043,7.0
0.2993,0.8184,0.559,0.8203,0.559,0.4187,8.0
0.2355,0.352,0.5264,0.745,0.661,0.01671,9.0
0.3171,0.9683,0.544,0.874,0.3271,-0.0786,10.0
0.2181,0.3496,0.639,0.4348,0.8115,-0.01346,11.0
0.2583,0.289,0.413,0.566,0.4294,0.0763,1.0
0.2708,0.8013,0.1067,0.6206,0.9624,-0.318,2.0
0.2318,0.6357,0.1992,0.671,0.7324,-0.1781,3.0
0.1805,0.8394,0.308,0.9204,0.594,-0.415,4.0
0.0903,0.0681,0.1056,0.6743,0.6943,-0.4824,5.0
0.1615,0.963,0.3108,0.3591,0.1854,0.1608,6.0
0.2302,0.4358,0.742,0.7983,0.6274,0.1637,7.0
0.1875,0.9126,0.1776,0.786,0.4988,0.0612,8.0
0.253,0.3464,0.4143,0.84,0.42,-0.3286,9.0
0.1609,0.9536,0.2278,0.7188,0.6953,0.2224,10.0
0.1947,0.819,0.1992,0.3564,0.4531,-0.1422,11.0
0.2295,0.809,0.1437,0.3474,0.3281,0.4658,1.0
0.251,0.5205,0.541,0.772,0.5483,-0.1421,2.0
0.2205,0.2006,0.686,0.7964,0.952,0.116,3.0
0.2705,0.69,0.519,0.2751,0.899,-0.216,4.0
0.2095,0.1514,0.888,0.7393,0.405,-0.3015,5.0
0.241,0.4514,0.526,0.644,0.5537,-0.0586,6.0
0.361,0.1161,0.10284,0.8174,0.2119,0.3296,7.0
0.2358,0.3223,0.5303,0.538,0.6655,-0.0802,8.0
0.23,0.372,0.5703,0.634,0.601,-0.001819,9.0
0.2344,0.3562,0.534,0.5615,0.6235,0.04196,10.0
0.2964,0.5166,0.9756,0.878,0.1581,-0.2356,11.0
0.265,0.10657,0.6455,0.845,0.567,-0.1153,1.0
0.2277,0.843,0.437,0.5728,0.3267,0.2039,2.0
0.1738,0.3213,0.8945,0.5825,0.8916,0.003384,3.0
0.2179,0.3057,0.6235,0.674,0.5845,0.03186,4.0
0.2705,0.11053,0.64,0.8335,0.606,0.4834,5.0
0.2625,0.1447,0.6167,0.5933,0.989,0.06824,6.0
0.2112,0.2832,0.657,0.911,0.12225,0.05768,7.0
0.1927,0.2554,0.763,0.272,0.612,-0.2593,8.0
0.203,0.2832,0.699,0.5337,0.5923,0.03806,9.0
0.1593,0.0722,0.625,0.445,0.6367,0.3787,10.0
0.362,0.883,0.0591,0.5894,0.2576,-0.4014,11.0
0.2717,0.4988,0.7817,0.2118,0.2927,-0.4336,1.0
0.1708,0.073,0.9053,0.4053,0.495,-0.06586,2.0
0.2378,0.3918,0.5254,0.468,0.455,-0.2308,3.0
0.2644,0.2139,0.439,0.3323,0.644,0.2222,4.0
0.2708,0.268,0.2844,0.3845,0.917,-0.3743,5.0
0.177,0.222,0.868,0.7896,0.2269,0.2366,6.0
0.2009,0.2761,0.714,0.8423,0.5,-0.3599,7.0
0.2576,0.746,0.479,0.348,0.1456,-0.4001,8.0
0.2355,0.8506,0.445,0.886,0.3599,-0.1123,9.0
0.2446,0.3826,0.464,0.3657,0.4192,-0.2551,10.0
0.254,0.5273,0.544,0.515,0.354,-0.2715,11.0
0.271,0.7207,0.1157,0.977,0.3584,0.4814,1.0
0.2162,0.7495,0.4023,0.2854,0.4934,0.2651,2.0
0.2463,0.4524,0.3647,0.739,0.3616,-0.2096,3.0
0.243,0.4946,0.4731,0.6533,0.4668,-0.1694,4.0
0.1952,0.75,0.2424,0.951,0.672,0.3894,5.0
0.268,0.6094,0.559,0.9185,0.4067,0.09515,6.0
0.2664,0.3652,0.2705,0.3662,0.3123,-0.2632,7.0
0.3025,0.647,0.649,0.557,0.657,0.4553,8.0
0.2505,0.6084,0.502,0.598,0.6035,0.2333,9.0
0.2427,0.4058,0.4844,0.667,0.5713,-0.4568,10.0
0.2417,0.4521,0.5635,0.6987,0.7017,-0.2227,11.0
0.2217,0.641,0.373,0.5503,0.3218,-0.1335,1.0
0.2181,0.666,0.3672,0.2277,0.5093,-0.2092,2.0
0.2145,0.661,0.3486,0.6816,0.5005,-0.05765,3.0
0.2014,0.3167,0.708,0.5166,0.572,0.3643,4.0
0.2485,0.4917,0.608,0.5796,0.2834,0.1703,5.0
0.2053,0.713,0.3455,0.614,0.6143,0.11115,6.0
0.2424,0.4644,0.814,0.506,0.7344,0.2986,7.0
0.2335,0.4233,0.574,0.3972,0.2106,0.3923,8.0
0.22,0.1958,0.699,0.4053,0.579,0.08496,9.0
0.2195,0.4014,0.7095,0.5273,0.5874,0.1776,10.0
0.2178,0.3699,0.657,0.538,0.5137,0.1171,11.0
0.208,0.6914,0.3318,0.342,0.4817,-0.12177,1.0
0.2593,0.08484,0.743,0.7627,0.267,0.4956,2.0
0.1687,0.0807,0.8735,0.992,0.8604,-0.379,3.0
0.2292,0.5786,0.3599,0.7246,0.8843,-0.346,4.0
0.2216,0.4214,0.875,0.6216,0.8564,-0.1844,5.0
0.2413,0.395,0.474,0.938,0.4084,0.1024,6.0
0.2512,0.2788,0.4644,0.2177,0.2544,0.265,7.0
0.2223,0.2512,0.625,0.3318,0.3357,-0.2408,8.0
0.1688,0.0789,0.911,0.256,0.6895,-0.4136,9.0
0.1635,0.2478,0.9214,0.836,0.817,-0.171,10.0
0.10114,0.03653,0.4917,0.627,0.4656,-0.3838,11.0
0.3003,0.539,0.878,0.42,0.4958,0.05667,1.0
0.259,0.642,0.522,0.3987,0.6445,0.342,2.0
0.2397,0.04422,0.3035,0.7974,0.2039,0.2457,3.0
0.2432,0.6,0.4626,0.4868,0.689,-0.0685,4.0
0.1096,0.01572,0.652,0.695,0.2776,0.1992,5.0
0.1794,0.1704,0.992,0.54,0.907,0.2175,6.0
0.1669,0.2927,0.9043,0.4587,0.663,0.0409,7.0
0.2722,0.262,0.1907,0.892,0.316,0.109,8.0
0.1718,0.2006,0.9414,0.3933,0.6216,0.3267,9.0
0.2722,0.8022,0.5103,0.742,0.343,0.08124,10.0
0.1787,0.958,0.1803,0.614,0.5435,0.1866,11.0
0.2502,0.0856,0.3562,0.4055,0.3762,-0.4905,1.0
0.2717,0.1919,0.2488,0.6196,0.5244,0.3418,2.0
0.259,0.2832,0.4119,0.537,0.6,0.07947,3.0
0.2198,0.816,0.1533,0.916,0.7114,-0.1215,4.0
0.2698,0.2023,0.4038,0.7744,0.1176,-0.3296,5.0
0.2382,0.352,0.511,0.5347,0.332,-0.03546,6.0
0.2411,0.4553,0.4934,0.3782,0.9644,0.11005,7.0
0.2185,0.2253,0.6636,0.4778,0.707,-0.1592,8.0
0.4807,0.0138,0.4866,0.3416,0.975,-0.2883,9.0
0.3352,0.7188,0.653,0.8525,0.4546,0.1543,10.0
0.292,0.1357,0.3306,0.4326,0.553,-0.485,11.0
0.2742,0.1952,0.3394,0.6597,0.4724,-0.1818,1.0
0.2227,0.3342,0.594,0.945,0.4243,0.3152,2.0
0.2542,0.2052,0.513,0.632,0.3916,0.2239,3.0
0.2095,0.882,0.1532,0.3562,0.9414,-0.3135,4.0
0.2238,0.4163,0.7324,0.2751,0.859,0.1224,5.0
0.249,0.4775,0.6836,0.615,0.4656,0.02884,6.0
0.2019,0.7407,0.344,0.8906,0.679,-0.1635,7.0
0.2185,0.643,0.2443,0.7085,0.679,0.1487,8.0
0.3052,0.07465,0.4707,0.7334,0.1844,-0.0444,9.0
0.09125,0.04404,0.5107,0.897,0.6494,0.1779,10.0
0.238,0.4275,0.533,0.6514,0.553,0.03522,11.0
0.2324,0.7236,0.4307,0.4104,0.3933,-0.1943,1.0
0.1658,0.2422,0.9116,0.3218,0.2358,0.1415,2.0
0.1965,0.2893,0.7314,0.4272,0.1214,0.09717,3.0
0.2708,0.2656,0.2961,0.2812,0.929,0.2644,4.0
0.1249,0.063,0.9277,0.2998,0.506,0.2173,5.0
0.2688,0.2356,0.3604,0.8965,0.5317,0.4858,6.0
0.2498,0.252,0.4905,0.358,0.6636,0.1929,7.0
0.2217,0.4194,0.75,0.486,0.387,0.36,8.0
0.06915,0.05643,0.9985,0.622,0.9946,-0.1897,9.0
0.1819,0.2983,0.8115,0.4878,0.4492,0.2191,10.0
0.2012,0.3665,0.7773,0.4116,0.705,0.2544,11.0
0.2177,0.3428,0.6333,0.4087,0.74,0.1403,1.0
0.1835,0.811,0.283,0.255,0.6187,-0.4683,2.0
0.2336,0.6807,0.44,0.9316,0.6245,0.1428,3.0
0.2279,0.348,0.587,0.4268,0.3252,-0.459,4.0
0.0803,0.03995,0.1537,0.2524,0.5015,0.1125,5.0
0.1976,0.03152,0.3958,0.7363,0.8076,-0.2869,6.0
0.2245,0.706,0.4153,0.2622,0.2086,0.1964,7.0
0.2296,0.2595,0.5854,0.358,0.3926,-0.17,8.0
0.272,0.1978,0.277,0.96,0.348,0.2391,9.0
0.2913,0.466,0.132,0.6616,0.1044,0.3784,10.0
0.2544,0.46,0.2551,0.877,0.859,-0.3198,11.0
0.2458,0.449,0.381,0.6787,0.5063,-0.1602,1.0
0.2834,0.4065,0.1522,0.7715,0.2583,0.1394,2.0
0.205,0.3975,0.905,0.4673,0.6255,-0.0511,3.0
0.2473,0.923,0.1107,0.776,0.6836,0.1857,4.0
0.128,0.00875,0.0645,0.7793,0.425,-0.11273,5.0
0.1658,0.01387,0.834,0.3303,0.5596,0.3064,6.0
0.218,0.2832,0.6255,0.665,0.709,0.0969,7.0
0.1809,0.336,0.855,0.513,0.3672,0.4521,8.0
0.4993,0.7896,0.8296,0.949,0.6714,-0.466,9.0
0.2102,0.2507,0.679,0.3665,0.409,0.06964,10.0
0.2429,0.5684,0.4756,0.576,0.6035,0.1906,11.0
0.2556,0.377,0.3628,0.554,0.341,0.1428,1.0
0.242,0.4597,0.5244,0.8813,0.394,-0.1449,2.0
0.2422,0.4583,0.4417,0.8145,0.605,-0.03506,3.0
0.2666,0.2319,0.4023,0.2128,0.7334,-0.3513,4.0
0.2448,0.506,0.5117,0.998,0.749,0.002827,5.0
0.2324,0.0272,0.628,0.6655,0.793,-0.3564,6.0
0.2003,0.265,0.7207,0.3672,0.2395,-0.227,7.0
0.237,0.2886,0.5327,0.5938,0.4539,-0.009766,8.0
0.2252,0.3308,0.5894,0.583,0.4414,-0.1139,9.0
0.10144,0.0608,0.861,0.219,0.608,-0.2407,10.0
0.2264,0.322,0.5815,0.7056,0.6055,-0.1448,11.0
0.2673,0.3726,0.2427,0.83,0.7656,0.2668,1.0
0.2998,0.3877,0.1249,0.5024,0.9717,-0.161,2.0
0.2426,0.331,0.488,0.703,0.549,-0.1091,3.0
0.2344,0.386,0.5376,0.639,0.4678,0.1334,4.0
0.237,0.4307,0.561,0.623,0.6157,0.0318,5.0
0.1605,0.9375,0.2489,0.8955,0.3638,-0.1279,6.0
0.2428,0.4814,0.493,0.621,0.35,-0.05353,7.0
0.2382,0.5063,0.4097,0.7124,0.714,0.1936,8.0
0.1808,0.813,0.266,0.7812,0.7285,0.115,9.0
0.26,0.4788,0.963,0.953,0.4001,-0.06494,10.0
0.2329,0.6113,0.428,0.6787,0.667,0.2109,11.0
0.274,0.193,0.2908,0.409,0.628,-0.01087,1.0
0.2563,0.2988,0.4216,0.4824,0.609,-0.2112,2.0
0.2329,0.4482,0.7637,0.2817,0.5913,0.457,3.0
0.1951,0.0801,0.1854,0.8804,0.501,-0.4292,4.0
0.2445,0.4358,0.4172,0.711,0.455,0.00937,5.0
0.2025,0.2812,0.6953,0.9375,0.539,0.4626,6.0
0.2306,0.4473,0.859,0.6772,0.7695,0.422,7.0
0.2827,0.1453,0.2273,0.78,0.1842,-0.454,8.0
0.252,0.4385,0.3167,0.6533,0.2017,-0.2018,9.0
0.2084,0.3757,0.727,0.525,0.647,0.4565,10.0
0.282,0.1567,0.3198,0.7104,0.2622,-0.351,11.0
0.2299,0.3687,0.579,0.748,0.956,-0.3335,1.0
0.189,0.9697,0.1613,0.6123,0.2302,0.2954,2.0
0.2239,0.2598,0.6094,0.2983,0.693,0.3303,3.0
0.2786,0.1584,0.443,0.808,0.2793,-0.06976,4.0
0.2805,0.1373,0.531,0.706,0.514,-0.1678,5.0
0.2139,0.6533,0.3337,0.5757,0.1871,-0.004833,6.0
0.1051,0.0673,0.9243,0.6025,0.734,0.0771,7.0
0.2126,0.3052,0.6504,0.4556,0.5566,0.1199,8.0
0.1741,0.00918,0.9023,0.747,0.52,0.21,9.0
0.1608,0.2524,0.939,0.692,0.4795,-0.316,10.0
0.1862,0.343,0.855,0.561,0.3145,-0.1437,11.0
0.2722,0.1991,0.2642,0.461,0.5146,-0.0444,1.0
0.326,0.3357,0.09705,0.708,0.765,-0.2394,2.0
0.258,0.279,0.4207,0.5283,0.4163,0.3318,3.0
0.2668,0.6504,0.537,0.9272,0.745,0.1659,4.0
0.1919,0.3938,0.9966,0.655,0.543,0.497,5.0
0.2194,0.1447,0.8623,0.612,0.8247,-0.378,6.0
0.2026,0.1686,0.86,0.2668,0.6343,-0.3005,7.0
0.2382,0.8223,0.443,0.4163,0.564,-0.3706,8.0
0.2275,0.573,0.376,0.8647,0.6777,0.4912,9.0
0.1981,0.2698,0.7266,0.3887,0.4543,0.1007,10.0
0.2068,0.8267,0.1702,0.836,0.563,0.2404,11.0
0.2803,0.1519,0.2327,0.3801,0.2576,0.1763,1.0
0.1812,0.8345,0.3223,0.9053,0.5493,0.2605,2.0
0.2319,0.5776,0.248,0.9204,0.2119,0.1537,3.0
0.1544,0.2301,0.9956,0.303,0.5024,0.1583,4.0
0.2045,0.03226,0.898,0.772,0.1864,-0.152,5.0
0.2295,0.5923,0.3987,0.828,0.3489,0.135,6.0
0.2384,0.825,0.4524,0.7993,0.817,0.02643,7.0
0.1887,0.3713,0.9307,0.519,0.5933,0.006073,8.0
0.2015,0.1628,0.8843,0.8213,0.4026,-0.3079,9.0
0.3499,0.596,0.9087,0.7563,0.395,0.0772,10.0
0.08325,0.05057,0.942,0.9585,0.6304,-0.2983,11.0
0.10376,0.03784,0.05563,0.4292,0.7173,-0.3596,1.0
0.1893,0.83,0.3381,0.2496,0.4597,-0.3374,2.0
0.2332,0.355,0.5493,0.5815,0.1204,-0.2598,3.0
0.2388,0.4475,0.6104,0.6704,0.699,0.0042,4.0
0.2103,0.7285,0.3677,0.5977,0.6406,-0.2576,5.0
0.2668,0.7573,0.4998,0.5234,0.9893,-0.2097,6.0
0.2588,0.3845,0.3242,0.716,0.2834,-0.02922,7.0
0.2705,0.2002,0.3977,0.9404,0.665,0.1354,8.0
0.2837,0.9424,0.501,0.9395,0.6523,-0.4395,9.0
0.2769,0.1813,0.3376,0.3826,0.336,-0.286,10.0
0.2491,0.5073,0.2316,0.8525,0.1918,0.4097,11.0
0.1765,0.289,0.8413,0.588,0.8535,0.03084,1.0
0.3088,0.9106,0.07733,0.9004,0.1328,-0.00885,2.0
0.2676,0.5317,0.6533,0.6934,0.6333,0.00155,3.0
0.2483,0.374,0.428,0.605,0.71,0.0996,4.0
0.2373,0.547,0.403,0.786,0.4346,-0.4956,5.0
0.2556,0.4722,0.8955,0.97,0.731,-0.2449,6.0
0.2318,0.5957,0.3943,0.336,0.611,-0.3635,7.0
0.2421,0.4688,0.4504,0.5903,0.6895,-0.05408,8.0
0.212,0.0347,0.09094,0.9155,0.1936,0.2783,9.0
0.2428,0.4714,0.4958,0.7524,0.4001,-0.1638,10.0
0.2351,0.6006,0.2129,0.572,0.627,0.02011,11.0
0.2231,0.417,0.804,0.663,0.974,-0.2754,1.0
0.2798,0.5186,0.7446,0.9014,0.3772,-0.4873,2.0
0.2769,0.1665,0.4343,0.3877,0.7134,0.03424,3.0
0.2338,0.4243,0.641,0.747,0.4912,-0.265,4.0
0.23,0.1381,0.83,0.923,0.4187,0.1499,5.0
0.2146,0.3086,0.6445,0.5107,0.534,-0.1586,6.0
0.2217,0.006702,0.786,0.8525,0.556,0.1686,7.0
0.2494,0.3918,0.412,0.56,0.3867,-0.1781,8.0
0.2693,0.269,0.3103,0.882,0.548,0.4949,9.0
0.2532,0.436,0.318,0.2852,0.4734,-0.4495,10.0
0.2324,0.3423,0.552,0.509,0.5527,-0.2805,11.0
0.2642,0.4878,0.981,0.4526,0.3323,0.2188,1.0
0.116,0.03857,0.205,0.5938,0.7603,-0.3618,2.0
0.2386,0.325,0.5156,0.5635,0.535,-0.222,3.0
0.2703,0.2688,0.2866,0.6743,0.3037,0.0303,4.0
0.1292,0.029,0.2644,0.7124,0.5938,-0.3586,5.0
0.2573,0.39,0.3337,0.4502,0.6265,0.0935,6.0
0.2411,0.2057,0.581,0.629,0.3337,-0.1932,7.0
0.2476,0.4565,0.3354,0.2922,0.3926,0.1558,8.0
0.1948,0.966,0.3936,0.3381,0.604,0.4053,9.0
0.2386,0.4363,0.5317,0.6084,0.68,0.084,10.0
0.2368,0.552,0.263,0.2474,0.5664,-0.4575,11.0
0.3699,0.71,0.7046,0.7744,0.568,-0.3308,1.0
0.3152,0.661,0.667,0.5405,0.3157,0.4084,2.0
0.2625,0.5977,0.534,0.702,0.4875,-0.1814,3.0
0.281,0.1043,0.1273,0.76,0.61,-0.4905,4.0
0.2712,0.2396,0.296,0.5645,0.567,-0.499,5.0
0.2146,0.6943,0.378,0.686,0.3367,0.1415,6.0
0.2264,0.6216,0.3994,0.7476,0.4846,0.213,7.0
0.2443,0.5312,0.4905,0.6895,0.4197,0.08124,8.0
0.2256,0.6826,0.1898,0.616,0.5674,-0.1184,9.0
0.266,0.376,0.2585,0.4263,0.552,-0.1012,10.0
0.2471,0.3857,0.4338,0.519,0.3132,-0.001204,11.0
0.2605,0.37,0.3203,0.7856,0.2869,0.2262,1.0
0.253,0.397,0.3652,0.6885,0.4375,0.06775,2.0
0.3564,0.6606,0.7563,0.4148,0.785,0.02641,3.0
0.2473,0.9214,0.4658,0.4316,0.4749,0.09143,4.0
0.2612,0.4268,0.2443,0.5254,0.552,0.0637,5.0
0.268,0.633,0.5435,0.5215,0.5957,0.0799,6.0
0.2269,0.581,0.2913,0.528,0.4482,0.10126,7.0
0.2386,0.501,0.3696,0.746,0.539,0.14,8.0
0.2198,0.6167,0.3406,0.6597,0.4172,0.1776,9.0
0.2642,0.5312,0.167,0.506,0.254,-0.03366,10.0
0.2003,0.8306,0.3784,0.48,0.382,0.1305,11.0
0.2173,0.3938,0.7124,0.3455,0.846,0.1537,1.0
0.2422,0.458,0.9116,0.6655,0.707,0.02602,2.0
0.216,0.631,0.2947,0.6167,0.2725,0.325,3.0
0.2395,0.45,0.829,0.3777,0.2712,-0.1368,4.0
0.2693,0.6934,0.528,0.4011,0.757,0.1793,5.0
0.2335,0.4392,0.721,0.59,0.6025,0.04834,6.0
0.4646,0.959,0.6895,0.572,0.5938,-0.3816,7.0
0.2192,0.08936,0.07214,0.637,0.712,-0.1978,8.0
0.2361,0.522,0.3398,0.5376,0.6777,0.2104,9.0
0.2208,0.6094,0.3,0.7607,0.577,-0.0644,10.0
0.2357,0.3489,0.522,0.4092,0.1653,0.3098,11.0
0.2605,0.4204,0.258,0.644,0.5,-0.00565,1.0
0.2559,0.232,0.4712,0.998,0.2566,-0.3943,2.0
0.2479,0.3284,0.459,0.7817,0.598,-0.3855,3.0
0.2318,0.8765,0.1289,0.8994,0.1901,-0.1727,4.0
0.2306,0.867,0.437,0.3303,0.8877,-0.0959,5.0
0.3005,0.5464,0.8433,0.504,0.7065,0.0984,6.0
0.2698,0.3352,0.2415,0.8203,0.829,0.048,7.0
0.188,0.0647,0.1409,0.8955,0.326,-0.1755,8.0
0.2336,0.357,0.5376,0.6284,0.86,0.08435,9.0
0.239,0.527,0.413,0.6514,0.4607,-0.2935,10.0
0.1873,0.269,0.778,0.9067,0.449,0.0774,11.0
0.2369,0.534,0.408,0.675,0.3733,-0.07086,1.0
0.1835,0.2744,0.798,0.791,0.1584,0.0705,2.0
0.2451,0.3745,0.4526,0.635,0.649,0.1168,3.0
0.2336,0.5635,0.4001,0.6143,0.3835,-0.04266,4.0
0.3054,0.315,0.115,0.6514,0.751,0.4048,5.0
0.2272,0.2522,0.596,0.751,0.4915,0.3481,6.0
0.2407,0.4517,0.4849,0.611,0.508,0.1475,7.0
0.3105,0.7017,0.621,0.513,0.6616,0.3665,8.0
0.2241,0.007023,0.6846,0.4556,0.555,-0.1161,9.0
0.2491,0.411,0.3997,0.734,0.691,-0.4377,10.0
0.2993,0.12305,0.3276,0.8916,0.3628,-0.405,11.0
0.264,0.1879,0.4812,0.8726,0.4556,0.209,1.0
0.2438,0.4624,0.6475,0.57,0.5034,-0.0815,2.0
0.1836,0.3633,0.992,0.2524,0.8745,-0.4885,3.0
0.1881,0.958,0.374,0.3057,0.4526,-0.00546,4.0
0.2013,0.3513,0.76,0.5254,0.55,-0.1552,5.0
0.2333,0.1059,0.9087,0.7563,0.4407,-0.1241,6.0
0.275,0.2903,0.18,0.798,0.597,0.4893,7.0
0.2483,0.194,0.566,0.2573,0.8364,-0.2355,8.0
0.1423,0.0298,0.0699,0.4644,0.666,-0.4211,9.0
0.2329,0.4155,0.595,0.7114,0.6836,-0.02487,10.0
0.21,0.6943,0.3464,0.9326,0.9795,-0.3093,11.0
0.08307,0.0528,0.619,0.2827,0.7026,-0.4038,1.0
0.1666,0.303,0.9316,0.4578,0.3442,-0.449,2.0
0.2798,0.3494,0.1677,0.4958,0.6484,0.1458,3.0
0.1643,0.2595,0.9067,0.474,0.7485,0.3508,4.0
0.2034,0.3494,0.7427,0.334,0.8433,-0.135,5.0
0.207,0.688,0.337,0.3098,0.11835,0.409,6.0
0.1881,0.2927,0.781,0.456,0.7354,-0.10297,7.0
0.091,0.04642,0.697,0.5454,0.6367,-0.2382,8.0
0.2246,0.3135,0.591,0.43,0.6514,-0.02101,9.0
0.2686,0.5767,0.5693,0.2622,0.10974,-0.2393,10.0
0.2257,0.408,0.6875,0.4128,0.3652,-0.1349,11.0
0.1868,0.0682,0.996,0.289,0.3467,-0.16,1.0
0.231,0.2052,0.6313,0.4722,0.4763,-0.141,2.0
0.2551,0.0987,0.387,0.8496,0.664,0.4,3.0
0.2722,0.2166,0.331,0.531,0.936,-0.358,4.0
0.1959,0.1589,0.936,0.7065,0.3318,0.0918,5.0
0.2517,0.1891,0.554,0.597,0.746,-0.1835,6.0
0.2424,0.4614,0.691,0.4873,0.3438,0.0806,7.0
0.1798,0.3157,0.8525,0.3535,0.1414,-0.2108,8.0
0.219,0.625,0.2795,0.8765,0.3838,-0.3533,9.0
0.2039,0.2744,0.6997,0.505,0.4187,-0.2307,10.0
0.2119,0.987,0.133,0.368,0.633,0.1797,11.0
0.519,0.4414,0.02647,0.5073,0.523,-0.2249,1.0
0.2338,0.04123,0.833,0.842,0.1726,0.2008,2.0
0.2231,0.4019,0.687,0.648,0.3613,-0.06573,3.0
0.2568,0.4863,0.7305,0.3193,0.2734,-0.10846,4.0
0.2416,0.1543,0.6978,0.354,0.2573,0.2102,5.0
0.2222,0.3674,0.6133,0.4302,0.1674,0.417,6.0
0.2064,0.2517,0.695,0.5005,0.291,0.14,7.0
0.2327,0.5903,0.42,0.4207,0.2078,0.2517,8.0
0.2285,0.9707,0.1204,0.4092,0.824,0.214,9.0
0.2,0.1794,0.8364,0.592,0.3389,0.171,10.0
0.213,0.1881,0.7456,0.8013,0.4324,0.353,11.0
0.2273,0.7886,0.4202,0.8887,0.752,-0.49,1.0
0.2634,0.185,0.4915,0.7046,0.8823,0.2986,2.0
0.2478,0.494,0.2607,0.6577,0.6885,-0.1982,3.0
0.2378,0.5166,0.3362,0.6704,0.6753,-0.1515,4.0
0.216,0.1993,0.712,0.488,0.351,-0.1738,5.0
0.2812,0.1337,0.5444,0.7173,0.6875,0.03534,6.0
0.1875,0.8315,0.3396,0.7725,0.7563,-0.0551,7.0
0.2573,0.2323,0.4634,0.6406,0.268,0.2913,8.0
0.3374,0.674,0.716,0.9526,0.238,0.4573,9.0
0.2377,0.3408,0.513,0.718,0.4663,0.0333,10.0
0.2416,0.482,0.4043,0.537,0.599,-0.0965,11.0
0.2583,0.509,0.6953,0.826,0.3494,0.3828,1.0
0.2388,0.4514,0.6772,0.627,0.514,0.06152,2.0
0.2272,0.431,0.9385,0.5444,0.11743,-0.2952,3.0
0.2333,0.4167,0.5947,0.507,0.4832,-0.004707,4.0
0.2031,0.7026,0.2803,0.681,0.665,-0.3315,5.0
0.4973,0.1987,0.03674,0.61,0.622,-0.3472,6.0
0.2362,0.348,0.52,0.4875,0.653,0.2133,7.0
0.2725,0.5347,0.6816,0.745,0.3223,0.02727,8.0
0.1705,0.01796,0.353,0.3706,0.5996,-0.0729,9.0
0.2408,0.22,0.5635,0.618,0.606,0.1272,10.0
0.1693,0.07965,0.2441,0.56,0.7207,0.2114,11.0
0.2542,0.2817,0.443,0.4026,0.568,0.3936,1.0
0.3098,0.3142,0.11066,0.539,0.797,0.01469,2.0
0.2377,0.5474,0.4238,0.8037,0.4792,-0.1492,3.0
0.06122,0.04837,0.07806,0.5293,0.714,-0.2654,4.0
0.2246,0.408,0.6523,0.76,0.3198,0.3687,5.0
0.2457,0.4841,0.634,0.9785,0.2092,0.327,6.0
0.2493,0.4312,0.3574,0.4976,0.6284,0.1396,7.0
0.23,0.564,0.3477,0.698,0.584,-0.1317,8.0
0.2245,0.8066,0.1499,0.744,0.673,-0.4148,9.0
0.2329,0.5522,0.293,0.543,0.5615,-0.001984,10.0
0.2654,0.11945,0.721,0.9785,0.2979,-0.4897,11.0
